30 18.70886075949367
31 17.848101265822784
32 17.417721518987342
33 16.9873417721519
34 16.55696202531646
35 16.126582278481013
36 15.69620253164557
37 15.265822784810126
38 14.835443037974684
39 14.620253164556962
40 14.18987341772152
41 13.759493670886076
42 13.329113924050633
43 13.113924050632912
44 12.898734177215191
45 12.468354430379748
46 12.037974683544304
47 11.822784810126583
50 10.962025316455698
51 10.531645569620252
52 10.316455696202532
53 10.10126582278481
54 9.88607594936709
55 9.670886075949367
56 9.240506329113924
57 9.025316455696203
56,9.240506329113924
57,9.025316455696203
50,10.962025316455698
51,10.531645569620252
52,10.316455696202532
53,10.10126582278481
54,9.88607594936709
55,9.670886075949367