0
0,0,0
4.172661361274703,0.844798532035105,1.1159492212181682e-18
8.243749105663316,1.7056734333866583,1.1921958968200281e-07
12.216930581358628,2.580558705129533,9.632289196283705e-07
16.095725687052575,3.467476625554431,3.98275000177593e-06
19.88353412560575,4.364566563348199,1.1659738057665304e-05
23.583626140032088,5.270056420052395,2.764382527201892e-05
27.199138369380265,6.182252688928038,5.686365040859047e-05
30.733075349608427,7.099549307663931,0.00010562064579763887
34.18827101562277,8.02057797693138,0.00018167028335488002
37.567391624632315,8.944142573098173,0.0002943005914992718
40.87299227139544,9.869071320035399,0.0004543922714210452
44.10753340256199,10.794222344505398,0.000674465649852814
47.27338569473451,11.718485763089063,0.0009687229550736061
50.37283414962465,12.640786480329576,0.001353082440586605
53.408081450899054,13.560087572859846,0.0018452047247076923
56.38125983266548,14.47539229682425,0.002464490282849065
59.294440466781474,15.385745850379276,0.0032320618685528764
62.14962392637355,16.290231407808232,0.004170788101305601
64.94873835034532,17.18797694180364,0.005305282538669996
67.69361115684912,18.07824200376172,0.006661891154651911
70.38598293642183,18.96037803941057,0.008268673742584814
73.02753789679142,19.833747345305756,0.010155379654031817
75.61986754441305,20.69771176386514,0.012353750090892967
78.16439760510701,21.551607204061487,0.01489831351773761
80.6624959314337,22.39477860768367,0.0178257103400494
83.11550194136356,23.226590516655648,0.021174442204892882
85.5247061506992,24.046479820933147,0.024984833057957092
87.89131202969698,24.85404882908177,0.02929898434215303
90.21648620544794,25.648931584010878,0.0341607249304419
92.50137425857844,26.4307552133299,0.039615555700946804
94.74710064932998,27.19914263764536,0.04571058857686298
96.95476864386073,27.953714979630917,0.05249448012936519
99.12545883442603,28.694093213997363,0.06001739825334433
101.26018180344505,29.419874120070098,0.06833245249313617
103.35989583811904,30.130620561807,0.07749566178939699
105.42555003268122,30.825902819178246,0.08756454966625468
107.4580804343345,31.50530613572571,0.09859804559686179
109.4584091711161,32.16843104956642,0.1106563807231012
111.42744364837405,32.814893635117066,0.12380097832977344
113.36607581139472,33.4443256637738,0.13809433948198646
115.27518147171637,34.05637469145372,0.15359992424894767
117.15561969467657,34.650704080558285,0.1703820289497547
119.00823474173554,35.22698711886252,0.18850565981994707
120.8338622327472,35.784890616072246,0.2080364258595095
122.63331856396348,36.32409166397926,0.22904060345884977
124.40739566275461,36.84428546071109,0.25158514103096163
126.15686147943374,37.34518507777159,0.2757375339700401
127.88246028536173,37.8265211463869,0.30156570732491933
129.5849129610946,38.28804152254269,0.3291378949560324
131.2649172778726,38.72951093507946,0.35852251547859865
132.92314817548353,39.15071062088161,0.38978804531639577
134.56025803931007,39.55143795088501,0.4230028892110103
136.17687697919192,39.931506050331855,0.4582352485507374
137.77361425877015,40.29074030354648,0.49555298783451884
139.3510587380343,40.62897741631205,0.5350234994437011
140.90977745436723,40.946069574846476,0.5767135675270872
142.45031582476722,41.24188437292257,0.62068923142294
143.97319803073879,41.51630429899777,0.6670156489808573
145.47892741595004,41.76922624653458,0.7157569602224365
146.96798689902303,42.00056104776388,0.7669761517873764
148.4408348166636,42.21023236466005,0.8207357278745436
149.89788964897468,42.39817415107209,0.877100506873888
151.33954811776013,42.56433304734568,0.9361346656045644
152.7661945137329,42.708669225976315,0.9978999876707086
154.17820054378515,42.831155826290136,1.0624557248939712
155.57592527122955,42.931778422535686,1.129858468698542
156.959711088437,43.01056844880221,1.200162032165188
158.32986954411714,43.06776552830926,1.2734173492762786
159.6867071207567,43.10368026630476,1.349672388749148
161.03053880466697,43.118577937298525,1.4289720697872677
162.3616846789333,43.112685345166476,1.5113581867322
163.68046706160726,43.086197017710376,1.5968693435580203
164.98720813856005,43.03928075997892,1.6855408981728974
166.28222804424456,42.972082589750826,1.7774049164287415
167.56584334468332,42.88473107821191,1.8724901356861199
168.83836587586114,42.77734111933171,1.9708219377333551
170.1001018880528,42.65001715312631,2.0724223308171887
171.35135144333836,42.50285587106648,2.17730994050836
172.59240801064516,42.335948436278706,2.2855000090989663
173.8235582010994,42.149382256518706,2.3970044032088564
175.04508158710257,41.94324235351665,2.5118316292641247
176.2572505518719,41.71761237736084,2.6299868565002447
177.46033012226525,41.47257531823114,2.7514719471333375
178.65457774614916,41.20821396930786,2.8762854933337665
179.84024298558023,40.92461119367688,3.004422860625245
181.0175671076656,40.62185004454121,3.1358762373193354
182.18678256514715,40.30001378242731,3.270634689579706
183.34811236769275,39.95918582600621,3.4086842216936155
184.5017693520352,39.59944966541713,3.5500078411110296
185.64795536425038,39.220888759327835,3.694585627796071
186.78686037065216,38.82358642998818,3.842394807422558
187.91866151524513,38.407625764623056,3.9934098279364383
189.043522141754,37.97308952685688,4.147602439003931
190.16159079731642,37.52006007848107,4.304941773865558
191.27300023332367,37.04861930966333,4.465394433123307
192.3778664169162,36.55884857447766,4.628924570000589
193.4762875645096,36.05082862820207,4.795493976632127
194.56834320660462,35.52463956298288,4.965062170962742
195.6540932911268,34.98036073901698,5.137586483859486
196.7335773307101,34.418070709201785,5.313022146069751
197.80681359771577,33.837847136123266,5.491322374688153
198.8737983693686,33.23976670120391,5.672438458826043
199.93460734846343,32.62394896911085,5.856319833038126
200.98942650650164,31.990566645383502,6.042914114810464
202.0384469397121,31.339797704576362,6.2321671767028395
203.08185852200054,30.671822764279746,6.424023235192991
204.11984981589296,29.986825213982364,6.618424939052154
205.15260798378736,29.284991341318715,6.815313456474476
206.1803186999896,28.566510454620122,7.014628560761039
207.20316606393084,27.831575000986813,7.216308714368532
208.2213325149101,27.080380679377843,7.420291151139179
209.23499874867335,26.31312654848017,7.626511956531843
210.24434363612306,25.53001512937316,7.834906145673668
211.24954414445116,24.731252503256265,8.045407739046308
212.25077526099872,23.917048404763065,8.257949835609875
213.24820992016885,23.087616311653164,8.472464683149893
214.2420189337541,22.243173531965326,8.688883745606255
215.23237092508774,21.38394129004484,8.90713776710632
216.21943226749158,20.510144813242974,9.127156832374133
217.2033670275766,19.622013421550406,9.348870423120516
218.18433691406017,18.71978062300212,9.57220746992939
219.16250123290678,17.803684218423033,9.797096399036972
220.13801684978986,16.8739664200359,10.023465173242473
221.11103816112987,15.930873989717869,10.251241325977086
222.08171707531997,14.97465840440769,10.48035198727153
223.05020300624986,14.005576058539804,10.710723899969858
224.01664288195437,13.023888516740044,10.942283423991237
224.98118117226196,12.029862834879332,11.174956525668032
225.94395987284898,11.023771950734734,11.408668748070763
226.90511857798305,10.005895222439712,11.643345156571545
227.86479475274248,8.97651920685142,11.878910251353942
228.8231239483324,7.935938665946407,12.115287834589692
229.780240090823,6.884457966432582,12.3524008134209
230.73627591313203,5.822393102460706,12.590170908503868
231.6913636227614,4.750074743615206,12.828518216967902
232.64563598882492,3.6678530966123093,13.067360537133668
233.59922825791446,2.5761063183480886,13.306612270961887
234.55228198709432,1.4752570380440082,13.546182487930034
235.50495469560218,0.36581309908536763,13.785971001446203
236.45746537128525,-0.7514455746815838,14.025858416864105
235.81970372216162,0,14.265964953432823
